162 1516008346 0.200000 -1.000000 -101.000000 0.000000 0.000000
162 1516008347 0.200000 -1.000000 -101.000000 0.000000 0.000000
162 1516008348 0.200000 -1.000000 -101.000000 0.000000 0.000000
162 1516008349 0.200000 -1.000000 -101.000000 0.000000 0.000000
162 1516008350 0.200000 -1.000000 -101.000000 0.000000 0.000000
162 1516008351 0.200000 -1.000000 -101.000000 0.000000 0.000000
162 1516008352 0.200000 -1.000000 -101.000000 0.000000 0.000000
162 1516008353 0.200000 -1.000000 -101.000000 0.000000 0.000000
162 1516008354 0.200000 -1.000000 -101.000000 0.000000 0.000000
162 1516008355 0.200000 -1.000000 -101.000000 0.000000 0.000000
162 1516008356 0.200000 -1.000000 -101.000000 0.000000 0.000000
162 1516008357 0.200000 -1.000000 -101.000000 0.000000 0.000000
162 1516008358 0.200000 -1.000000 -101.000000 0.000000 0.000000
162 1516008359 0.200000 -1.000000 -101.000000 0.000000 0.000000
162 1516008360 0.200000 -1.000000 -101.000000 0.000000 0.000000
162 1516008361 0.200000 -1.000000 -101.000000 0.000000 0.000000
162 1516008362 0.200000 -1.000000 -101.000000 0.000000 0.000000
162 1516008363 0.200000 -1.000000 -101.000000 0.000000 0.000000
162 1516008364 0.200000 -1.000000 -101.000000 0.000000 0.000000
162 1516008365 0.200000 -1.000000 -101.000000 0.000000 0.000000
162 1516008366 14.600000 -1.000000 -101.000000 0.000000 0.000000
162 1516008367 14.600000 -1.000000 -101.000000 0.000000 0.000000
162 1516008368 14.600000 -1.000000 -101.000000 0.000000 0.000000
162 1516008369 14.600000 -1.000000 -101.000000 0.000000 0.000000
162 1516008370 14.600000 -1.000000 -101.000000 0.000000 0.000000
162 1516008371 15.600000 -1.000000 -101.000000 0.000000 0.000000
162 1516008372 15.600000 -1.000000 -101.000000 0.000000 0.000000
162 1516008373 15.600000 -1.000000 -101.000000 0.000000 0.000000
162 1516008374 15.600000 -1.000000 -101.000000 0.000000 0.000000
162 1516008375 15.600000 -1.000000 -101.000000 0.000000 0.000000
162 1516008376 14.800000 -1.000000 -101.000000 0.000000 0.000000
169 1516008361 0.200000 -1.000000 -101.000000 0.000000 0.000000
169 1516008362 0.200000 -1.000000 -101.000000 0.000000 0.000000
169 1516008363 0.200000 -1.000000 -101.000000 0.000000 0.000000
169 1516008364 0.200000 -1.000000 -101.000000 0.000000 0.000000
169 1516008365 0.200000 -1.000000 -101.000000 0.000000 0.000000
169 1516008366 0.200000 -1.000000 -101.000000 0.000000 0.000000
169 1516008367 0.200000 -1.000000 -101.000000 0.000000 0.000000
169 1516008368 0.200000 -1.000000 -101.000000 0.000000 0.000000
169 1516008369 0.200000 -1.000000 -101.000000 0.000000 0.000000
169 1516008370 0.200000 -1.000000 -101.000000 0.000000 0.000000
169 1516008376 0.200000 -1.000000 -101.000000 0.000000 0.000000
162 1516008377 14.800000 -1.000000 -101.000000 0.000000 0.000000
162 1516008378 14.800000 -1.000000 -101.000000 0.000000 0.000000
162 1516008379 14.800000 -1.000000 -101.000000 0.000000 0.000000
162 1516008380 14.800000 -1.000000 -101.000000 0.000000 0.000000
162 1516008386 14.800000 -1.000000 -101.000000 0.000000 0.000000
162 1516008387 14.800000 -1.000000 -101.000000 0.000000 0.000000
162 1516008388 14.800000 -1.000000 -101.000000 0.000000 0.000000
162 1516008389 14.800000 -1.000000 -101.000000 0.000000 0.000000
162 1516008390 14.800000 -1.000000 -101.000000 0.000000 0.000000
169 1516008377 0.200000 -1.000000 -101.000000 0.000000 0.000000
169 1516008378 0.200000 -1.000000 -101.000000 0.000000 0.000000
169 1516008379 0.200000 -1.000000 -101.000000 0.000000 0.000000
169 1516008380 0.200000 -1.000000 -101.000000 0.000000 0.000000
169 1516008381 0.200000 -1.000000 -101.000000 0.000000 0.000000
169 1516008382 0.200000 -1.000000 -101.000000 0.000000 0.000000
169 1516008383 0.200000 -1.000000 -101.000000 0.000000 0.000000
169 1516008384 0.200000 -1.000000 -101.000000 0.000000 0.000000
169 1516008385 0.200000 -1.000000 -101.000000 0.000000 0.000000
169 1516008391 0.200000 -1.000000 -101.000000 0.000000 0.000000
162 1516008396 15.000000 -1.000000 -101.000000 0.000000 0.000000
162 1516008397 15.000000 -1.000000 -101.000000 0.000000 0.000000
162 1516008398 15.000000 -1.000000 -101.000000 0.000000 0.000000
162 1516008399 15.000000 -1.000000 -101.000000 0.000000 0.000000
162 1516008400 15.000000 -1.000000 -101.000000 0.000000 0.000000
162 1516008401 14.000000 -1.000000 -101.000000 0.000000 0.000000
169 1516008392 0.200000 -1.000000 -101.000000 0.000000 0.000000
169 1516008393 0.200000 -1.000000 -101.000000 0.000000 0.000000
169 1516008394 0.200000 -1.000000 -101.000000 0.000000 0.000000
169 1516008395 0.200000 -1.000000 -101.000000 0.000000 0.000000
169 1516008401 0.200000 -1.000000 -101.000000 0.000000 0.000000
162 1516008402 14.000000 -1.000000 -101.000000 0.000000 0.000000
162 1516008403 14.000000 -1.000000 -101.000000 0.000000 0.000000
162 1516008404 14.000000 -1.000000 -101.000000 0.000000 0.000000
162 1516008405 14.000000 -1.000000 -101.000000 0.000000 0.000000
162 1516008406 1.000000 -1.000000 -101.000000 0.000000 0.000000
169 1516008402 0.200000 -1.000000 -101.000000 0.000000 0.000000
169 1516008403 0.200000 -1.000000 -101.000000 0.000000 0.000000
169 1516008404 0.200000 -1.000000 -101.000000 0.000000 0.000000
169 1516008405 0.200000 -1.000000 -101.000000 0.000000 0.000000
169 1516008411 0.200000 -1.000000 -101.000000 0.000000 0.000000
162 1516008407 1.000000 -1.000000 -101.000000 0.000000 0.000000
162 1516008408 1.000000 -1.000000 -101.000000 0.000000 0.000000
162 1516008409 1.000000 -1.000000 -101.000000 0.000000 0.000000
162 1516008410 1.000000 -1.000000 -101.000000 0.000000 0.000000
162 1516008411 13.800000 -1.000000 -101.000000 0.000000 0.000000
162 1516008412 13.800000 -1.000000 -101.000000 0.000000 0.000000
162 1516008413 13.800000 -1.000000 -101.000000 0.000000 0.000000
162 1516008414 13.800000 -1.000000 -101.000000 0.000000 0.000000
162 1516008415 13.800000 -1.000000 -101.000000 0.000000 0.000000
162 1516008416 1.000000 -1.000000 -101.000000 0.000000 0.000000
162 1516008417 1.000000 -1.000000 -101.000000 0.000000 0.000000
162 1516008418 1.000000 -1.000000 -101.000000 0.000000 0.000000
162 1516008419 1.000000 -1.000000 -101.000000 0.000000 0.000000
162 1516008420 1.000000 -1.000000 -101.000000 0.000000 0.000000
162 1516008421 0.200000 -1.000000 -101.000000 0.000000 0.000000
169 1516008412 0.200000 -1.000000 -101.000000 0.000000 0.000000
169 1516008413 0.200000 -1.000000 -101.000000 0.000000 0.000000
169 1516008414 0.200000 -1.000000 -101.000000 0.000000 0.000000
169 1516008415 0.200000 -1.000000 -101.000000 0.000000 0.000000
162 1516008422 0.200000 -1.000000 -101.000000 0.000000 0.000000
162 1516008423 0.200000 -1.000000 -101.000000 0.000000 0.000000
162 1516008424 0.200000 -1.000000 -101.000000 0.000000 0.000000
162 1516008425 0.200000 -1.000000 -101.000000 0.000000 0.000000
162 1516008426 0.200000 -1.000000 -101.000000 0.000000 0.000000
162 1516008427 0.200000 -1.000000 -101.000000 0.000000 0.000000
162 1516008428 0.200000 -1.000000 -101.000000 0.000000 0.000000
162 1516008429 0.200000 -1.000000 -101.000000 0.000000 0.000000
162 1516008430 0.200000 -1.000000 -101.000000 0.000000 0.000000
162 1516008431 13.600000 -1.000000 -101.000000 0.000000 0.000000
169 1516008431 0.200000 -1.000000 -101.000000 0.000000 0.000000
169 1516008432 0.200000 -1.000000 -101.000000 0.000000 0.000000
169 1516008433 0.200000 -1.000000 -101.000000 0.000000 0.000000
169 1516008434 0.200000 -1.000000 -101.000000 0.000000 0.000000
169 1516008435 0.200000 -1.000000 -101.000000 0.000000 0.000000
162 1516008432 13.600000 -1.000000 -101.000000 0.000000 0.000000
162 1516008433 13.600000 -1.000000 -101.000000 0.000000 0.000000
162 1516008434 13.600000 -1.000000 -101.000000 0.000000 0.000000
162 1516008435 13.600000 -1.000000 -101.000000 0.000000 0.000000
162 1516008436 0.200000 -1.000000 -101.000000 0.000000 0.000000
162 1516008437 0.200000 -1.000000 -101.000000 0.000000 0.000000
162 1516008438 0.200000 -1.000000 -101.000000 0.000000 0.000000
162 1516008439 0.200000 -1.000000 -101.000000 0.000000 0.000000
162 1516008440 0.200000 -1.000000 -101.000000 0.000000 0.000000
162 1516008441 1.000000 -1.000000 -101.000000 0.000000 0.000000
169 1516008446 0.200000 -1.000000 -101.000000 0.000000 0.000000
162 1516008442 1.000000 -1.000000 -101.000000 0.000000 0.000000
162 1516008443 1.000000 -1.000000 -101.000000 0.000000 0.000000
162 1516008444 1.000000 -1.000000 -101.000000 0.000000 0.000000
162 1516008445 1.000000 -1.000000 -101.000000 0.000000 0.000000
162 1516008446 13.800000 -1.000000 -101.000000 0.000000 0.000000
162 1516008447 13.800000 -1.000000 -101.000000 0.000000 0.000000
162 1516008448 13.800000 -1.000000 -101.000000 0.000000 0.000000
162 1516008449 13.800000 -1.000000 -101.000000 0.000000 0.000000
162 1516008450 13.800000 -1.000000 -101.000000 0.000000 0.000000
162 1516008451 1.000000 -1.000000 -101.000000 0.000000 0.000000
162 1516008452 1.000000 -1.000000 -101.000000 0.000000 0.000000
162 1516008453 1.000000 -1.000000 -101.000000 0.000000 0.000000
162 1516008454 1.000000 -1.000000 -101.000000 0.000000 0.000000
162 1516008455 1.000000 -1.000000 -101.000000 0.000000 0.000000
162 1516008456 14.000000 -1.000000 -101.000000 0.000000 0.000000
169 1516008447 0.200000 -1.000000 -101.000000 0.000000 0.000000
169 1516008448 0.200000 -1.000000 -101.000000 0.000000 0.000000
169 1516008449 0.200000 -1.000000 -101.000000 0.000000 0.000000
169 1516008450 0.200000 -1.000000 -101.000000 0.000000 0.000000
169 1516008456 0.200000 -1.000000 -101.000000 0.000000 0.000000
162 1516008457 14.000000 -1.000000 -101.000000 0.000000 0.000000
162 1516008458 14.000000 -1.000000 -101.000000 0.000000 0.000000
162 1516008459 14.000000 -1.000000 -101.000000 0.000000 0.000000
162 1516008460 14.000000 -1.000000 -101.000000 0.000000 0.000000
162 1516008461 1.200000 -1.000000 -101.000000 0.000000 0.000000
169 1516008457 0.200000 -1.000000 -101.000000 0.000000 0.000000
169 1516008458 0.200000 -1.000000 -101.000000 0.000000 0.000000
169 1516008459 0.200000 -1.000000 -101.000000 0.000000 0.000000
169 1516008460 0.200000 -1.000000 -101.000000 0.000000 0.000000
162 1516008462 1.200000 -1.000000 -101.000000 0.000000 0.000000
162 1516008463 1.200000 -1.000000 -101.000000 0.000000 0.000000
162 1516008464 1.200000 -1.000000 -101.000000 0.000000 0.000000
162 1516008465 1.200000 -1.000000 -101.000000 0.000000 0.000000
169 1516008466 0.200000 -1.000000 -101.000000 0.000000 0.000000
162 1516008471 14.800000 -1.000000 -101.000000 0.000000 0.000000
169 1516008467 0.200000 -1.000000 -101.000000 0.000000 0.000000
169 1516008468 0.200000 -1.000000 -101.000000 0.000000 0.000000
169 1516008469 0.200000 -1.000000 -101.000000 0.000000 0.000000
169 1516008470 0.200000 -1.000000 -101.000000 0.000000 0.000000
162 1516008472 14.800000 -1.000000 -101.000000 0.000000 0.000000
162 1516008473 14.800000 -1.000000 -101.000000 0.000000 0.000000
162 1516008474 14.800000 -1.000000 -101.000000 0.000000 0.000000
162 1516008475 14.800000 -1.000000 -101.000000 0.000000 0.000000
162 1516008476 14.000000 -1.000000 -101.000000 0.000000 0.000000
169 1516008476 0.200000 -1.000000 -101.000000 0.000000 0.000000
162 1516008477 14.000000 -1.000000 -101.000000 0.000000 0.000000
162 1516008478 14.000000 -1.000000 -101.000000 0.000000 0.000000
162 1516008479 14.000000 -1.000000 -101.000000 0.000000 0.000000
162 1516008480 14.000000 -1.000000 -101.000000 0.000000 0.000000
162 1516008481 0.800000 -1.000000 -101.000000 0.000000 0.000000
169 1516008477 0.200000 -1.000000 -101.000000 0.000000 0.000000
169 1516008478 0.200000 -1.000000 -101.000000 0.000000 0.000000
169 1516008479 0.200000 -1.000000 -101.000000 0.000000 0.000000
169 1516008480 0.200000 -1.000000 -101.000000 0.000000 0.000000
162 1516008482 0.800000 -1.000000 -101.000000 0.000000 0.000000
162 1516008483 0.800000 -1.000000 -101.000000 0.000000 0.000000
162 1516008484 0.800000 -1.000000 -101.000000 0.000000 0.000000
162 1516008485 0.800000 -1.000000 -101.000000 0.000000 0.000000
162 1516008486 15.000000 -1.000000 -101.000000 0.000000 0.000000
169 1516008486 0.200000 -1.000000 -101.000000 0.000000 0.000000
162 1516008487 15.000000 -1.000000 -101.000000 0.000000 0.000000
162 1516008488 15.000000 -1.000000 -101.000000 0.000000 0.000000
162 1516008489 15.000000 -1.000000 -101.000000 0.000000 0.000000
162 1516008490 15.000000 -1.000000 -101.000000 0.000000 0.000000
169 1516008487 0.200000 -1.000000 -101.000000 0.000000 0.000000
169 1516008488 0.200000 -1.000000 -101.000000 0.000000 0.000000
169 1516008489 0.200000 -1.000000 -101.000000 0.000000 0.000000
169 1516008490 0.200000 -1.000000 -101.000000 0.000000 0.000000
169 1516008491 0.200000 -1.000000 -101.000000 0.000000 0.000000
162 1516008496 15.000000 -1.000000 -101.000000 0.000000 0.000000
169 1516008492 0.200000 -1.000000 -101.000000 0.000000 0.000000
169 1516008493 0.200000 -1.000000 -101.000000 0.000000 0.000000
169 1516008494 0.200000 -1.000000 -101.000000 0.000000 0.000000
169 1516008495 0.200000 -1.000000 -101.000000 0.000000 0.000000
162 1516008497 15.000000 -1.000000 -101.000000 0.000000 0.000000
162 1516008498 15.000000 -1.000000 -101.000000 0.000000 0.000000
162 1516008499 15.000000 -1.000000 -101.000000 0.000000 0.000000
162 1516008500 15.000000 -1.000000 -101.000000 0.000000 0.000000
169 1516008501 0.200000 -1.000000 -101.000000 0.000000 0.000000
162 1516008506 15.000000 -1.000000 -101.000000 0.000000 0.000000
169 1516008502 0.200000 -1.000000 -101.000000 0.000000 0.000000
169 1516008503 0.200000 -1.000000 -101.000000 0.000000 0.000000
169 1516008504 0.200000 -1.000000 -101.000000 0.000000 0.000000
169 1516008505 0.200000 -1.000000 -101.000000 0.000000 0.000000
162 1516008507 15.000000 -1.000000 -101.000000 0.000000 0.000000
162 1516008508 15.000000 -1.000000 -101.000000 0.000000 0.000000
162 1516008509 15.000000 -1.000000 -101.000000 0.000000 0.000000
162 1516008510 15.000000 -1.000000 -101.000000 0.000000 0.000000
162 1516008511 29.600000 -1.000000 -101.000000 0.000000 0.000000
169 1516008511 0.400000 -1.000000 -101.000000 0.000000 0.000000
162 1516008512 29.600000 -1.000000 -101.000000 0.000000 0.000000
162 1516008513 29.600000 -1.000000 -101.000000 0.000000 0.000000
162 1516008514 29.600000 -1.000000 -101.000000 0.000000 0.000000
162 1516008515 29.600000 -1.000000 -101.000000 0.000000 0.000000
162 1516008516 131.600000 -1.000000 -101.000000 0.000000 0.000000
169 1516008512 0.400000 -1.000000 -101.000000 0.000000 0.000000
169 1516008513 0.400000 -1.000000 -101.000000 0.000000 0.000000
169 1516008514 0.400000 -1.000000 -101.000000 0.000000 0.000000
169 1516008515 0.400000 -1.000000 -101.000000 0.000000 0.000000
169 1516008516 1.800000 -1.000000 -101.000000 0.000000 0.000000
162 1516008517 131.600000 -1.000000 -101.000000 0.000000 0.000000
162 1516008518 131.600000 -1.000000 -101.000000 0.000000 0.000000
162 1516008519 131.600000 -1.000000 -101.000000 0.000000 0.000000
162 1516008520 131.600000 -1.000000 -101.000000 0.000000 0.000000
162 1516008521 30.200000 -1.000000 -101.000000 0.000000 0.000000
169 1516008517 1.800000 -1.000000 -101.000000 0.000000 0.000000
169 1516008518 1.800000 -1.000000 -101.000000 0.000000 0.000000
169 1516008519 1.800000 -1.000000 -101.000000 0.000000 0.000000
169 1516008520 1.800000 -1.000000 -101.000000 0.000000 0.000000
169 1516008521 0.600000 -1.000000 -101.000000 0.000000 0.000000
162 1516008522 30.200000 -1.000000 -101.000000 0.000000 0.000000
162 1516008523 30.200000 -1.000000 -101.000000 0.000000 0.000000
162 1516008524 30.200000 -1.000000 -101.000000 0.000000 0.000000
162 1516008525 30.200000 -1.000000 -101.000000 0.000000 0.000000
162 1516008526 133.200000 -1.000000 -101.000000 0.000000 0.000000
169 1516008522 0.600000 -1.000000 -101.000000 0.000000 0.000000
169 1516008523 0.600000 -1.000000 -101.000000 0.000000 0.000000
169 1516008524 0.600000 -1.000000 -101.000000 0.000000 0.000000
169 1516008525 0.600000 -1.000000 -101.000000 0.000000 0.000000
169 1516008526 1.600000 -1.000000 -101.000000 0.000000 0.000000
162 1516008527 133.200000 -1.000000 -101.000000 0.000000 0.000000
162 1516008528 133.200000 -1.000000 -101.000000 0.000000 0.000000
162 1516008529 133.200000 -1.000000 -101.000000 0.000000 0.000000
162 1516008530 133.200000 -1.000000 -101.000000 0.000000 0.000000
162 1516008531 74.000000 -1.000000 -101.000000 0.000000 0.000000
169 1516008527 1.600000 -1.000000 -101.000000 0.000000 0.000000
169 1516008528 1.600000 -1.000000 -101.000000 0.000000 0.000000
169 1516008529 1.600000 -1.000000 -101.000000 0.000000 0.000000
169 1516008530 1.600000 -1.000000 -101.000000 0.000000 0.000000
169 1516008531 1.000000 -1.000000 -101.000000 0.000000 0.000000
162 1516008532 74.000000 -1.000000 -101.000000 0.000000 0.000000
162 1516008533 74.000000 -1.000000 -101.000000 0.000000 0.000000
162 1516008534 74.000000 -1.000000 -101.000000 0.000000 0.000000
162 1516008535 74.000000 -1.000000 -101.000000 0.000000 0.000000
162 1516008536 29.600000 -1.000000 -101.000000 0.000000 0.000000
169 1516008532 1.000000 -1.000000 -101.000000 0.000000 0.000000
169 1516008533 1.000000 -1.000000 -101.000000 0.000000 0.000000
169 1516008534 1.000000 -1.000000 -101.000000 0.000000 0.000000
169 1516008535 1.000000 -1.000000 -101.000000 0.000000 0.000000
169 1516008536 0.400000 -1.000000 -101.000000 0.000000 0.000000
162 1516008537 29.600000 -1.000000 -101.000000 0.000000 0.000000
162 1516008538 29.600000 -1.000000 -101.000000 0.000000 0.000000
162 1516008539 29.600000 -1.000000 -101.000000 0.000000 0.000000
162 1516008540 29.600000 -1.000000 -101.000000 0.000000 0.000000
162 1516008541 47.200000 -1.000000 -101.000000 0.000000 0.000000
169 1516008537 0.400000 -1.000000 -101.000000 0.000000 0.000000
169 1516008538 0.400000 -1.000000 -101.000000 0.000000 0.000000
169 1516008539 0.400000 -1.000000 -101.000000 0.000000 0.000000
169 1516008540 0.400000 -1.000000 -101.000000 0.000000 0.000000
169 1516008541 0.800000 -1.000000 -101.000000 0.000000 0.000000
162 1516008542 47.200000 -1.000000 -101.000000 0.000000 0.000000
162 1516008543 47.200000 -1.000000 -101.000000 0.000000 0.000000
162 1516008544 47.200000 -1.000000 -101.000000 0.000000 0.000000
162 1516008545 47.200000 -1.000000 -101.000000 0.000000 0.000000
162 1516008546 130.400000 -1.000000 -101.000000 0.000000 0.000000
169 1516008542 0.800000 -1.000000 -101.000000 0.000000 0.000000
169 1516008543 0.800000 -1.000000 -101.000000 0.000000 0.000000
169 1516008544 0.800000 -1.000000 -101.000000 0.000000 0.000000
169 1516008545 0.800000 -1.000000 -101.000000 0.000000 0.000000
169 1516008546 1.800000 -1.000000 -101.000000 0.000000 0.000000
162 1516008547 130.400000 -1.000000 -101.000000 0.000000 0.000000
162 1516008548 130.400000 -1.000000 -101.000000 0.000000 0.000000
162 1516008549 130.400000 -1.000000 -101.000000 0.000000 0.000000
162 1516008550 130.400000 -1.000000 -101.000000 0.000000 0.000000
162 1516008551 162.800000 -1.000000 -101.000000 0.000000 0.000000
169 1516008547 1.800000 -1.000000 -101.000000 0.000000 0.000000
169 1516008548 1.800000 -1.000000 -101.000000 0.000000 0.000000
169 1516008549 1.800000 -1.000000 -101.000000 0.000000 0.000000
169 1516008550 1.800000 -1.000000 -101.000000 0.000000 0.000000
169 1516008551 2.200000 -1.000000 -101.000000 0.000000 0.000000
162 1516008552 162.800000 -1.000000 -101.000000 0.000000 0.000000
162 1516008553 162.800000 -1.000000 -101.000000 0.000000 0.000000
162 1516008554 162.800000 -1.000000 -101.000000 0.000000 0.000000
162 1516008555 162.800000 -1.000000 -101.000000 0.000000 0.000000
162 1516008556 162.800000 -1.000000 -101.000000 0.000000 0.000000
169 1516008552 2.200000 -1.000000 -101.000000 0.000000 0.000000
169 1516008553 2.200000 -1.000000 -101.000000 0.000000 0.000000
169 1516008554 2.200000 -1.000000 -101.000000 0.000000 0.000000
169 1516008555 2.200000 -1.000000 -101.000000 0.000000 0.000000
169 1516008556 2.200000 -1.000000 -101.000000 0.000000 0.000000
162 1516008557 162.800000 -1.000000 -101.000000 0.000000 0.000000
162 1516008558 162.800000 -1.000000 -101.000000 0.000000 0.000000
162 1516008559 162.800000 -1.000000 -101.000000 0.000000 0.000000
162 1516008560 162.800000 -1.000000 -101.000000 0.000000 0.000000
162 1516008561 148.000000 -1.000000 -101.000000 0.000000 0.000000
169 1516008557 2.200000 -1.000000 -101.000000 0.000000 0.000000
169 1516008558 2.200000 -1.000000 -101.000000 0.000000 0.000000
169 1516008559 2.200000 -1.000000 -101.000000 0.000000 0.000000
169 1516008560 2.200000 -1.000000 -101.000000 0.000000 0.000000
169 1516008561 1.800000 -1.000000 -101.000000 0.000000 0.000000
162 1516008562 148.000000 -1.000000 -101.000000 0.000000 0.000000
162 1516008563 148.000000 -1.000000 -101.000000 0.000000 0.000000
162 1516008564 148.000000 -1.000000 -101.000000 0.000000 0.000000
162 1516008565 148.000000 -1.000000 -101.000000 0.000000 0.000000
162 1516008566 133.200000 -1.000000 -101.000000 0.000000 0.000000
162 1516008567 133.200000 -1.000000 -101.000000 0.000000 0.000000
169 1516008562 1.800000 -1.000000 -101.000000 0.000000 0.000000
169 1516008563 1.800000 -1.000000 -101.000000 0.000000 0.000000
169 1516008564 1.800000 -1.000000 -101.000000 0.000000 0.000000
169 1516008565 1.800000 -1.000000 -101.000000 0.000000 0.000000
169 1516008566 1.800000 -1.000000 -101.000000 0.000000 0.000000
169 1516008567 1.800000 -1.000000 -101.000000 0.000000 0.000000
162 1516008568 133.200000 -1.000000 -101.000000 0.000000 0.000000
162 1516008569 133.200000 -1.000000 -101.000000 0.000000 0.000000
162 1516008570 133.200000 -1.000000 -101.000000 0.000000 0.000000
162 1516008571 148.000000 -1.000000 -101.000000 0.000000 0.000000
162 1516008572 148.000000 -1.000000 -101.000000 0.000000 0.000000
169 1516008568 1.800000 -1.000000 -101.000000 0.000000 0.000000
169 1516008569 1.800000 -1.000000 -101.000000 0.000000 0.000000
169 1516008570 1.800000 -1.000000 -101.000000 0.000000 0.000000
169 1516008571 2.200000 -1.000000 -101.000000 0.000000 0.000000
169 1516008572 2.200000 -1.000000 -101.000000 0.000000 0.000000
162 1516008573 148.000000 -1.000000 -101.000000 0.000000 0.000000
162 1516008574 148.000000 -1.000000 -101.000000 0.000000 0.000000
162 1516008575 148.000000 -1.000000 -101.000000 0.000000 0.000000
162 1516008576 162.800000 -1.000000 -101.000000 0.000000 0.000000
162 1516008577 162.800000 -1.000000 -101.000000 0.000000 0.000000
169 1516008573 2.200000 -1.000000 -101.000000 0.000000 0.000000
169 1516008574 2.200000 -1.000000 -101.000000 0.000000 0.000000
169 1516008575 2.200000 -1.000000 -101.000000 0.000000 0.000000
169 1516008576 2.200000 -1.000000 -101.000000 0.000000 0.000000
169 1516008577 2.200000 -1.000000 -101.000000 0.000000 0.000000
162 1516008578 162.800000 -1.000000 -101.000000 0.000000 0.000000
162 1516008579 162.800000 -1.000000 -101.000000 0.000000 0.000000
162 1516008580 162.800000 -1.000000 -101.000000 0.000000 0.000000
162 1516008581 162.800000 -1.000000 -101.000000 0.000000 0.000000
162 1516008582 162.800000 -1.000000 -101.000000 0.000000 0.000000
169 1516008578 2.200000 -1.000000 -101.000000 0.000000 0.000000
169 1516008579 2.200000 -1.000000 -101.000000 0.000000 0.000000
169 1516008580 2.200000 -1.000000 -101.000000 0.000000 0.000000
169 1516008581 2.200000 -1.000000 -101.000000 0.000000 0.000000
169 1516008582 2.200000 -1.000000 -101.000000 0.000000 0.000000
162 1516008583 162.800000 -1.000000 -101.000000 0.000000 0.000000
162 1516008584 162.800000 -1.000000 -101.000000 0.000000 0.000000
162 1516008585 162.800000 -1.000000 -101.000000 0.000000 0.000000
162 1516008586 162.800000 -1.000000 -101.000000 0.000000 0.000000
162 1516008587 162.800000 -1.000000 -101.000000 0.000000 0.000000
169 1516008583 2.200000 -1.000000 -101.000000 0.000000 0.000000
169 1516008584 2.200000 -1.000000 -101.000000 0.000000 0.000000
169 1516008585 2.200000 -1.000000 -101.000000 0.000000 0.000000
169 1516008586 2.200000 -1.000000 -101.000000 0.000000 0.000000
169 1516008587 2.200000 -1.000000 -101.000000 0.000000 0.000000
162 1516008588 162.800000 -1.000000 -101.000000 0.000000 0.000000
162 1516008589 162.800000 -1.000000 -101.000000 0.000000 0.000000
162 1516008590 162.800000 -1.000000 -101.000000 0.000000 0.000000
162 1516008591 177.600000 -1.000000 -101.000000 0.000000 0.000000
162 1516008592 177.600000 -1.000000 -101.000000 0.000000 0.000000
169 1516008588 2.200000 -1.000000 -101.000000 0.000000 0.000000
169 1516008589 2.200000 -1.000000 -101.000000 0.000000 0.000000
169 1516008590 2.200000 -1.000000 -101.000000 0.000000 0.000000
169 1516008591 2.400000 -1.000000 -101.000000 0.000000 0.000000
169 1516008592 2.400000 -1.000000 -101.000000 0.000000 0.000000
162 1516008593 177.600000 -1.000000 -101.000000 0.000000 0.000000
162 1516008594 177.600000 -1.000000 -101.000000 0.000000 0.000000
162 1516008595 177.600000 -1.000000 -101.000000 0.000000 0.000000
162 1516008596 177.600000 -1.000000 -101.000000 0.000000 0.000000
162 1516008597 177.600000 -1.000000 -101.000000 0.000000 0.000000
169 1516008593 2.400000 -1.000000 -101.000000 0.000000 0.000000
169 1516008594 2.400000 -1.000000 -101.000000 0.000000 0.000000
169 1516008595 2.400000 -1.000000 -101.000000 0.000000 0.000000
169 1516008596 2.400000 -1.000000 -101.000000 0.000000 0.000000
169 1516008597 2.400000 -1.000000 -101.000000 0.000000 0.000000
162 1516008598 177.600000 -1.000000 -101.000000 0.000000 0.000000
162 1516008599 177.600000 -1.000000 -101.000000 0.000000 0.000000
162 1516008600 177.600000 -1.000000 -101.000000 0.000000 0.000000
162 1516008601 177.600000 -1.000000 -101.000000 0.000000 0.000000
162 1516008602 177.600000 -1.000000 -101.000000 0.000000 0.000000
169 1516008598 2.400000 -1.000000 -101.000000 0.000000 0.000000
169 1516008599 2.400000 -1.000000 -101.000000 0.000000 0.000000
169 1516008600 2.400000 -1.000000 -101.000000 0.000000 0.000000
169 1516008601 2.200000 -1.000000 -101.000000 0.000000 0.000000
169 1516008602 2.200000 -1.000000 -101.000000 0.000000 0.000000
162 1516008603 177.600000 -1.000000 -101.000000 0.000000 0.000000
162 1516008604 177.600000 -1.000000 -101.000000 0.000000 0.000000
162 1516008605 177.600000 -1.000000 -101.000000 0.000000 0.000000
162 1516008606 162.800000 -1.000000 -101.000000 0.000000 0.000000
162 1516008607 162.800000 -1.000000 -101.000000 0.000000 0.000000
169 1516008603 2.200000 -1.000000 -101.000000 0.000000 0.000000
169 1516008604 2.200000 -1.000000 -101.000000 0.000000 0.000000
169 1516008605 2.200000 -1.000000 -101.000000 0.000000 0.000000
169 1516008606 2.200000 -1.000000 -101.000000 0.000000 0.000000
169 1516008607 2.200000 -1.000000 -101.000000 0.000000 0.000000
162 1516008608 162.800000 -1.000000 -101.000000 0.000000 0.000000
162 1516008609 162.800000 -1.000000 -101.000000 0.000000 0.000000
162 1516008610 162.800000 -1.000000 -101.000000 0.000000 0.000000
162 1516008611 162.800000 -1.000000 -101.000000 0.000000 0.000000
162 1516008612 162.800000 -1.000000 -101.000000 0.000000 0.000000
169 1516008608 2.200000 -1.000000 -101.000000 0.000000 0.000000
169 1516008609 2.200000 -1.000000 -101.000000 0.000000 0.000000
169 1516008610 2.200000 -1.000000 -101.000000 0.000000 0.000000
169 1516008611 2.200000 -1.000000 -101.000000 0.000000 0.000000
169 1516008612 2.200000 -1.000000 -101.000000 0.000000 0.000000
162 1516008613 162.800000 -1.000000 -101.000000 0.000000 0.000000
162 1516008614 162.800000 -1.000000 -101.000000 0.000000 0.000000
162 1516008615 162.800000 -1.000000 -101.000000 0.000000 0.000000
162 1516008616 162.800000 -1.000000 -101.000000 0.000000 0.000000
162 1516008617 162.800000 -1.000000 -101.000000 0.000000 0.000000
169 1516008613 2.200000 -1.000000 -101.000000 0.000000 0.000000
169 1516008614 2.200000 -1.000000 -101.000000 0.000000 0.000000
169 1516008615 2.200000 -1.000000 -101.000000 0.000000 0.000000
169 1516008616 2.200000 -1.000000 -101.000000 0.000000 0.000000
169 1516008617 2.200000 -1.000000 -101.000000 0.000000 0.000000
162 1516008618 162.800000 -1.000000 -101.000000 0.000000 0.000000
162 1516008619 162.800000 -1.000000 -101.000000 0.000000 0.000000
162 1516008620 162.800000 -1.000000 -101.000000 0.000000 0.000000
169 1516008618 2.200000 -1.000000 -101.000000 0.000000 0.000000
169 1516008619 2.200000 -1.000000 -101.000000 0.000000 0.000000
169 1516008620 2.200000 -1.000000 -101.000000 0.000000 0.000000
162 1516008683 98.666667 -1.000000 98.666667 98.666667 0.000000
162 1516008682 98.666667 -1.000000 98.666667 98.666667 0.000000
162 1516008681 98.666667 -1.000000 98.666667 98.666667 0.000000
162 1516008680 148.000000 -1.000000 148.000000 148.000000 0.000000
162 1516008679 148.000000 -1.000000 148.000000 148.000000 0.000000
162 1516008678 148.000000 -1.000000 148.000000 148.000000 0.000000
162 1516008677 148.000000 -1.000000 148.000000 148.000000 0.000000
162 1516008676 148.000000 -1.000000 148.000000 148.000000 0.000000
162 1516008675 162.800000 -1.000000 162.800000 162.800000 0.000000
162 1516008674 162.800000 -1.000000 162.800000 162.800000 0.000000
162 1516008673 162.800000 -1.000000 162.800000 162.800000 0.000000
162 1516008672 162.800000 -1.000000 162.800000 162.800000 0.000000
162 1516008671 162.800000 -1.000000 162.800000 162.800000 0.000000
162 1516008670 148.000000 -1.000000 148.000000 148.000000 0.000000
162 1516008669 148.000000 -1.000000 148.000000 148.000000 0.000000
162 1516008668 148.000000 -1.000000 148.000000 148.000000 0.000000
162 1516008667 148.000000 -1.000000 148.000000 148.000000 0.000000
162 1516008666 148.000000 -1.000000 148.000000 148.000000 0.000000
162 1516008665 148.000000 -1.000000 148.000000 148.000000 0.000000
162 1516008664 148.000000 -1.000000 148.000000 148.000000 0.000000
162 1516008663 148.000000 -1.000000 148.000000 148.000000 0.000000
162 1516008662 148.000000 -1.000000 148.000000 148.000000 0.000000
162 1516008661 148.000000 -1.000000 148.000000 148.000000 0.000000
162 1516008660 162.800000 -1.000000 162.800000 162.800000 0.000000
162 1516008659 162.800000 -1.000000 162.800000 162.800000 0.000000
162 1516008658 162.800000 -1.000000 162.800000 162.800000 0.000000
162 1516008657 162.800000 -1.000000 162.800000 162.800000 0.000000
162 1516008656 162.800000 -1.000000 162.800000 162.800000 0.000000
162 1516008655 148.000000 -1.000000 148.000000 148.000000 0.000000
162 1516008654 148.000000 -1.000000 148.000000 148.000000 0.000000
162 1516008653 148.000000 -1.000000 148.000000 148.000000 0.000000
162 1516008652 148.000000 -1.000000 148.000000 148.000000 0.000000
162 1516008651 148.000000 -1.000000 148.000000 148.000000 0.000000
162 1516008650 162.800000 -1.000000 162.800000 162.800000 0.000000
162 1516008649 162.800000 -1.000000 162.800000 162.800000 0.000000
162 1516008648 162.800000 -1.000000 162.800000 162.800000 0.000000
162 1516008647 162.800000 -1.000000 162.800000 162.800000 0.000000
162 1516008646 162.800000 -1.000000 162.800000 162.800000 0.000000
162 1516008645 133.200000 -1.000000 133.200000 133.200000 0.000000
162 1516008644 133.200000 -1.000000 133.200000 133.200000 0.000000
162 1516008643 133.200000 -1.000000 133.200000 133.200000 0.000000
162 1516008642 133.200000 -1.000000 133.200000 133.200000 0.000000
162 1516008641 133.200000 -1.000000 133.200000 133.200000 0.000000
162 1516008640 162.800000 -1.000000 162.800000 162.800000 0.000000
162 1516008639 162.800000 -1.000000 162.800000 162.800000 0.000000
162 1516008638 162.800000 -1.000000 162.800000 162.800000 0.000000
162 1516008637 162.800000 -1.000000 162.800000 162.800000 0.000000
162 1516008636 162.800000 -1.000000 162.800000 162.800000 0.000000
162 1516008635 148.000000 -1.000000 148.000000 148.000000 0.000000
162 1516008634 148.000000 -1.000000 148.000000 148.000000 0.000000
162 1516008633 148.000000 -1.000000 148.000000 148.000000 0.000000
162 1516008632 148.000000 -1.000000 148.000000 148.000000 0.000000
162 1516008631 148.000000 -1.000000 148.000000 148.000000 0.000000
162 1516008630 162.800000 -1.000000 162.800000 162.800000 0.000000
162 1516008629 162.800000 -1.000000 162.800000 162.800000 0.000000
162 1516008628 162.800000 -1.000000 162.800000 162.800000 0.000000
162 1516008627 162.800000 -1.000000 162.800000 162.800000 0.000000
162 1516008626 162.800000 -1.000000 162.800000 162.800000 0.000000
162 1516008625 148.000000 -1.000000 148.000000 148.000000 0.000000
162 1516008624 148.000000 -1.000000 148.000000 148.000000 0.000000
162 1516008623 148.000000 -1.000000 148.000000 148.000000 0.000000
162 1516008622 148.000000 -1.000000 148.000000 148.000000 0.000000
162 1516008621 148.000000 -1.000000 148.000000 148.000000 0.000000
169 1516008683 1.333333 -1.000000 1.333333 1.333333 0.000000
169 1516008682 1.333333 -1.000000 1.333333 1.333333 0.000000
169 1516008681 1.333333 -1.000000 1.333333 1.333333 0.000000
169 1516008680 2.000000 -1.000000 2.000000 2.000000 0.000000
169 1516008679 2.000000 -1.000000 2.000000 2.000000 0.000000
169 1516008678 2.000000 -1.000000 2.000000 2.000000 0.000000
169 1516008677 2.000000 -1.000000 2.000000 2.000000 0.000000
169 1516008676 2.000000 -1.000000 2.000000 2.000000 0.000000
169 1516008675 2.000000 -1.000000 2.000000 2.000000 0.000000
169 1516008674 2.000000 -1.000000 2.000000 2.000000 0.000000
169 1516008673 2.000000 -1.000000 2.000000 2.000000 0.000000
169 1516008672 2.000000 -1.000000 2.000000 2.000000 0.000000
169 1516008671 2.000000 -1.000000 2.000000 2.000000 0.000000
169 1516008670 2.200000 -1.000000 2.200000 2.200000 0.000000
169 1516008669 2.200000 -1.000000 2.200000 2.200000 0.000000
169 1516008668 2.200000 -1.000000 2.200000 2.200000 0.000000
169 1516008667 2.200000 -1.000000 2.200000 2.200000 0.000000
169 1516008666 2.200000 -1.000000 2.200000 2.200000 0.000000
169 1516008665 2.000000 -1.000000 2.000000 2.000000 0.000000
169 1516008664 2.000000 -1.000000 2.000000 2.000000 0.000000
169 1516008663 2.000000 -1.000000 2.000000 2.000000 0.000000
169 1516008662 2.000000 -1.000000 2.000000 2.000000 0.000000
169 1516008661 2.000000 -1.000000 2.000000 2.000000 0.000000
169 1516008660 2.000000 -1.000000 2.000000 2.000000 0.000000
169 1516008659 2.000000 -1.000000 2.000000 2.000000 0.000000
169 1516008658 2.000000 -1.000000 2.000000 2.000000 0.000000
169 1516008657 2.000000 -1.000000 2.000000 2.000000 0.000000
169 1516008656 2.000000 -1.000000 2.000000 2.000000 0.000000
169 1516008655 2.200000 -1.000000 2.200000 2.200000 0.000000
169 1516008654 2.200000 -1.000000 2.200000 2.200000 0.000000
169 1516008653 2.200000 -1.000000 2.200000 2.200000 0.000000
169 1516008652 2.200000 -1.000000 2.200000 2.200000 0.000000
169 1516008651 2.200000 -1.000000 2.200000 2.200000 0.000000
169 1516008650 2.000000 -1.000000 2.000000 2.000000 0.000000
169 1516008649 2.000000 -1.000000 2.000000 2.000000 0.000000
169 1516008648 2.000000 -1.000000 2.000000 2.000000 0.000000
169 1516008647 2.000000 -1.000000 2.000000 2.000000 0.000000
169 1516008646 2.000000 -1.000000 2.000000 2.000000 0.000000
169 1516008645 2.000000 -1.000000 2.000000 2.000000 0.000000
169 1516008644 2.000000 -1.000000 2.000000 2.000000 0.000000
169 1516008643 2.000000 -1.000000 2.000000 2.000000 0.000000
169 1516008642 2.000000 -1.000000 2.000000 2.000000 0.000000
169 1516008641 2.000000 -1.000000 2.000000 2.000000 0.000000
169 1516008640 2.000000 -1.000000 2.000000 2.000000 0.000000
169 1516008639 2.000000 -1.000000 2.000000 2.000000 0.000000
169 1516008638 2.000000 -1.000000 2.000000 2.000000 0.000000
169 1516008637 2.000000 -1.000000 2.000000 2.000000 0.000000
169 1516008636 2.000000 -1.000000 2.000000 2.000000 0.000000
169 1516008635 2.000000 -1.000000 2.000000 2.000000 0.000000
169 1516008634 2.000000 -1.000000 2.000000 2.000000 0.000000
169 1516008633 2.000000 -1.000000 2.000000 2.000000 0.000000
169 1516008632 2.000000 -1.000000 2.000000 2.000000 0.000000
169 1516008631 2.000000 -1.000000 2.000000 2.000000 0.000000
169 1516008630 2.400000 -1.000000 2.400000 2.400000 0.000000
169 1516008629 2.400000 -1.000000 2.400000 2.400000 0.000000
169 1516008628 2.400000 -1.000000 2.400000 2.400000 0.000000
169 1516008627 2.400000 -1.000000 2.400000 2.400000 0.000000
169 1516008626 2.400000 -1.000000 2.400000 2.400000 0.000000
169 1516008625 2.000000 -1.000000 2.000000 2.000000 0.000000
169 1516008624 2.000000 -1.000000 2.000000 2.000000 0.000000
169 1516008623 2.000000 -1.000000 2.000000 2.000000 0.000000
169 1516008622 2.000000 -1.000000 2.000000 2.000000 0.000000
169 1516008621 2.000000 -1.000000 2.000000 2.000000 0.000000
